     0.00000000	     0.00641595	     0.00641595	     0.00000000	     0.00000000	     0.00000000 %
     0.07000000	     0.00641576	     0.00641582	     0.00280192	     0.00280194	    -0.00064442 %
     0.14000000	     0.00641524	     0.00641543	     0.00560383	     0.00560387	    -0.00071422 %
     0.21000000	     0.00641440	     0.00641479	     0.00840574	     0.00840581	    -0.00083055 %
     0.28000000	     0.00641323	     0.00641388	     0.01120763	     0.01120774	    -0.00099340 %
     0.35000000	     0.00641174	     0.00641272	     0.01400951	     0.01400968	    -0.00120280 %
     0.42000000	     0.00640992	     0.00641130	     0.01681137	     0.01681161	    -0.00145872 %
     0.49000000	     0.00640778	     0.00640962	     0.01961320	     0.01961355	    -0.00176117 %
     0.56000000	     0.00640531	     0.00640769	     0.02241501	     0.02241548	    -0.00211016 %
     0.63000000	     0.00640252	     0.00640549	     0.02521679	     0.02521742	    -0.00250568 %
     0.70000000	     0.00639941	     0.00640304	     0.02801853	     0.02801936	    -0.00294774 %
     0.77000000	     0.00639596	     0.00640033	     0.03082023	     0.03082129	    -0.00343632 %
     0.84000000	     0.00639219	     0.00639736	     0.03362189	     0.03362323	    -0.00397144 %
     0.91000000	     0.00638810	     0.00639413	     0.03642350	     0.03642516	    -0.00455310 %
     0.98000000	     0.00638368	     0.00639064	     0.03922507	     0.03922710	    -0.00518129 %
     1.05000000	     0.00637894	     0.00638690	     0.04202657	     0.04202903	    -0.00585602 %
     1.12000000	     0.00637386	     0.00638290	     0.04482802	     0.04483097	    -0.00657728 %
     1.19000000	     0.00636847	     0.00637864	     0.04762941	     0.04763291	    -0.00734508 %
     1.26000000	     0.00636274	     0.00637412	     0.05043073	     0.05043484	    -0.00815942 %
     1.33000000	     0.00635669	     0.00636934	     0.05323197	     0.05323678	    -0.00902035 %
     1.40000000	     0.00635031	     0.00636431	     0.05603315	     0.05603871	    -0.00992777 %
     1.47000000	     0.00634360	     0.00635901	     0.05883424	     0.05884065	    -0.01088173 %
     1.54000000	     0.00633657	     0.00635346	     0.06163526	     0.06164258	    -0.01188222 %
     1.61000000	     0.00632921	     0.00634765	     0.06443619	     0.06444452	    -0.01292926 %
     1.68000000	     0.00632152	     0.00634158	     0.06723702	     0.06724645	    -0.01402285 %
     1.75000000	     0.00631350	     0.00633526	     0.07003777	     0.07004839	    -0.01516297 %
     1.82000000	     0.00630515	     0.00632867	     0.07283841	     0.07285033	    -0.01634965 %
     1.89000000	     0.00629647	     0.00632183	     0.07563896	     0.07565226	    -0.01758287 %
     1.96000000	     0.00628747	     0.00631473	     0.07843940	     0.07845420	    -0.01886263 %
     2.03000000	     0.00627813	     0.00630737	     0.08123973	     0.08125613	    -0.02018895 %
     2.10000000	     0.00626847	     0.00629976	     0.08403994	     0.08405807	    -0.02156182 %
     2.17000000	     0.00625847	     0.00629188	     0.08684004	     0.08686000	    -0.02298124 %
     2.24000000	     0.00624814	     0.00628375	     0.08964002	     0.08966194	    -0.02444721 %
     2.31000000	     0.00623748	     0.00627536	     0.09243987	     0.09246387	    -0.02595974 %
     2.38000000	     0.00622649	     0.00626671	     0.09523959	     0.09526581	    -0.02751882 %
     2.45000000	     0.00621517	     0.00625780	     0.09803918	     0.09806775	    -0.02912446 %
     2.52000000	     0.00620351	     0.00624863	     0.10083864	     0.10086968	    -0.03077666 %
     2.59000000	     0.00619152	     0.00623921	     0.10363795	     0.10367162	    -0.03247542 %
     2.66000000	     0.00617920	     0.00622953	     0.10643712	     0.10647355	    -0.03422074 %
     2.73000000	     0.00616654	     0.00621959	     0.10923614	     0.10927549	    -0.03601263 %
     2.80000000	     0.00615355	     0.00620939	     0.11203500	     0.11207742	    -0.03785109 %
     2.87000000	     0.00614022	     0.00619893	     0.11483371	     0.11487936	    -0.03973611 %
     2.94000000	     0.00612656	     0.00618822	     0.11763226	     0.11768129	    -0.04166770 %
     3.01000000	     0.00611256	     0.00617725	     0.12043064	     0.12048323	    -0.04364586 %
     3.08000000	     0.00609822	     0.00616602	     0.12322886	     0.12328517	    -0.04567060 %
     3.15000000	     0.00608354	     0.00615453	     0.12602691	     0.12608710	    -0.04774191 %
     3.22000000	     0.00606853	     0.00614278	     0.12882477	     0.12888904	    -0.04985980 %
     3.29000000	     0.00605318	     0.00613078	     0.13162246	     0.13169097	    -0.05202427 %
     3.36000000	     0.00603749	     0.00611851	     0.13441997	     0.13449291	    -0.05423532 %
     3.43000000	     0.00602146	     0.00610599	     0.13721728	     0.13729484	    -0.05649296 %
     3.50000000	     0.00600509	     0.00609321	     0.14001441	     0.14009678	    -0.05879718 %
     3.57000000	     0.00598838	     0.00608018	     0.14281134	     0.14289872	    -0.06114799 %
     3.64000000	     0.00597132	     0.00606688	     0.14560806	     0.14570065	    -0.06354539 %
     3.71000000	     0.00595393	     0.00605333	     0.14840459	     0.14850259	    -0.06598938 %
     3.78000000	     0.00593619	     0.00603952	     0.15120091	     0.15130452	    -0.06847997 %
     3.85000000	     0.00591810	     0.00602545	     0.15399702	     0.15410646	    -0.07101716 %
     3.92000000	     0.00589967	     0.00601112	     0.15679291	     0.15690839	    -0.07360095 %
     3.99000000	     0.00588090	     0.00599653	     0.15958858	     0.15971033	    -0.07623134 %
     4.06000000	     0.00586178	     0.00598169	     0.16238403	     0.16251226	    -0.07890834 %
     4.13000000	     0.00584231	     0.00596659	     0.16517925	     0.16531420	    -0.08163194 %
     4.20000000	     0.00582250	     0.00595123	     0.16797424	     0.16811614	    -0.08440216 %
     4.27000000	     0.00580233	     0.00593561	     0.17076900	     0.17091807	    -0.08721899 %
     4.34000000	     0.00578182	     0.00591974	     0.17356352	     0.17372001	    -0.09008244 %
     4.41000000	     0.00576096	     0.00590360	     0.17635779	     0.17652194	    -0.09299251 %
     4.48000000	     0.00573975	     0.00588721	     0.17915182	     0.17932388	    -0.09594920 %
     4.55000000	     0.00571818	     0.00587056	     0.18194560	     0.18212581	    -0.09895251 %
     4.62000000	     0.00569626	     0.00585365	     0.18473912	     0.18492775	    -0.10200246 %
     4.69000000	     0.00567399	     0.00583649	     0.18753238	     0.18772968	    -0.10509903 %
     4.76000000	     0.00565136	     0.00581907	     0.19032538	     0.19053162	    -0.10824224 %
     4.83000000	     0.00562838	     0.00580138	     0.19311812	     0.19333356	    -0.11143209 %
     4.90000000	     0.00560505	     0.00578344	     0.19591059	     0.19613549	    -0.11466858 %
     4.97000000	     0.00558135	     0.00576525	     0.19870278	     0.19893743	    -0.11795171 %
     5.04000000	     0.00555730	     0.00574679	     0.20149469	     0.20173936	    -0.12128149 %
     5.11000000	     0.00553289	     0.00572808	     0.20428632	     0.20454130	    -0.12465792 %
     5.18000000	     0.00550811	     0.00570911	     0.20707767	     0.20734323	    -0.12808101 %
     5.25000000	     0.00548298	     0.00568988	     0.20986872	     0.21014517	    -0.13155075 %
     5.32000000	     0.00545749	     0.00567039	     0.21265948	     0.21294711	    -0.13506715 %
     5.39000000	     0.00543163	     0.00565065	     0.21544995	     0.21574904	    -0.13863022 %
     5.46000000	     0.00540541	     0.00563064	     0.21824011	     0.21855098	    -0.14223996 %
     5.53000000	     0.00537882	     0.00561038	     0.22102997	     0.22135291	    -0.14589637 %
     5.60000000	     0.00535187	     0.00558986	     0.22381951	     0.22415485	    -0.14959945 %
     5.67000000	     0.00532455	     0.00556909	     0.22660875	     0.22695678	    -0.15334921 %
     5.74000000	     0.00529686	     0.00554805	     0.22939766	     0.22975872	    -0.15714565 %
     5.81000000	     0.00526880	     0.00552676	     0.23218626	     0.23256065	    -0.16098879 %
     5.88000000	     0.00524038	     0.00550521	     0.23497453	     0.23536259	    -0.16487861 %
     5.95000000	     0.00521158	     0.00548340	     0.23776247	     0.23816453	    -0.16881512 %
     6.02000000	     0.00518240	     0.00546134	     0.24055007	     0.24096646	    -0.17279834 %
     6.09000000	     0.00515286	     0.00543901	     0.24333735	     0.24376840	    -0.17682826 %
     6.16000000	     0.00512294	     0.00541643	     0.24612427	     0.24657033	    -0.18090488 %
     6.23000000	     0.00509264	     0.00539359	     0.24891086	     0.24937227	    -0.18502821 %
     6.30000000	     0.00506197	     0.00537049	     0.25169709	     0.25217420	    -0.18919826 %
     6.37000000	     0.00503092	     0.00534714	     0.25448298	     0.25497614	    -0.19341503 %
     6.44000000	     0.00499948	     0.00532352	     0.25726850	     0.25777807	    -0.19767852 %
     6.51000000	     0.00496767	     0.00529965	     0.26005367	     0.26058001	    -0.20198874 %
     6.58000000	     0.00493548	     0.00527552	     0.26283847	     0.26338195	    -0.20634569 %
     6.65000000	     0.00490290	     0.00525114	     0.26562290	     0.26618388	    -0.21074938 %
     6.72000000	     0.00486994	     0.00522649	     0.26840696	     0.26898582	    -0.21519981 %
     6.79000000	     0.00483659	     0.00520159	     0.27119064	     0.27178775	    -0.21969698 %
     6.86000000	     0.00480285	     0.00517643	     0.27397395	     0.27458969	    -0.22424090 %
     6.93000000	     0.00476873	     0.00515101	     0.27675686	     0.27739162	    -0.22883158 %
     7.00000000	     0.00473421	     0.00512533	     0.27953939	     0.28019356	    -0.23346901 %
