     0.00000000	     0.00699487	     0.00699487	     0.00000000	     0.00000000	     0.00000000 %
     0.07000000	     0.00699472	     0.00699475	     0.00279994	     0.00279994	    -0.00002282 %
     0.14000000	     0.00699431	     0.00699439	     0.00559988	     0.00559989	    -0.00009130 %
     0.21000000	     0.00699363	     0.00699378	     0.00839982	     0.00839983	    -0.00020542 %
     0.28000000	     0.00699269	     0.00699292	     0.01119974	     0.01119978	    -0.00036538 %
     0.35000000	     0.00699149	     0.00699182	     0.01399964	     0.01399972	    -0.00057106 %
     0.42000000	     0.00699003	     0.00699048	     0.01679953	     0.01679966	    -0.00082244 %
     0.49000000	     0.00698830	     0.00698889	     0.01959939	     0.01959961	    -0.00111944 %
     0.56000000	     0.00698630	     0.00698706	     0.02239923	     0.02239955	    -0.00146223 %
     0.63000000	     0.00698405	     0.00698498	     0.02519903	     0.02519950	    -0.00185063 %
     0.70000000	     0.00698153	     0.00698266	     0.02799880	     0.02799944	    -0.00228481 %
     0.77000000	     0.00697875	     0.00698010	     0.03079853	     0.03079939	    -0.00276472 %
     0.84000000	     0.00697570	     0.00697729	     0.03359822	     0.03359933	    -0.00329025 %
     0.91000000	     0.00697239	     0.00697423	     0.03639787	     0.03639927	    -0.00386148 %
     0.98000000	     0.00696882	     0.00697093	     0.03919746	     0.03919922	    -0.00447842 %
     1.05000000	     0.00696498	     0.00696739	     0.04199700	     0.04199916	    -0.00514105 %
     1.12000000	     0.00696088	     0.00696361	     0.04479649	     0.04479911	    -0.00584939 %
     1.19000000	     0.00695652	     0.00695958	     0.04759591	     0.04759905	    -0.00660343 %
     1.26000000	     0.00695188	     0.00695530	     0.05039526	     0.05039899	    -0.00740317 %
     1.33000000	     0.00694699	     0.00695078	     0.05319455	     0.05319894	    -0.00824862 %
     1.40000000	     0.00694183	     0.00694602	     0.05599376	     0.05599888	    -0.00913977 %
     1.47000000	     0.00693640	     0.00694101	     0.05879290	     0.05879883	    -0.01007663 %
     1.54000000	     0.00693071	     0.00693576	     0.06159196	     0.06159877	    -0.01105919 %
     1.61000000	     0.00692475	     0.00693026	     0.06439093	     0.06439871	    -0.01208746 %
     1.68000000	     0.00691853	     0.00692452	     0.06718981	     0.06719866	    -0.01316144 %
     1.75000000	     0.00691204	     0.00691854	     0.06998861	     0.06999860	    -0.01428113 %
     1.82000000	     0.00690528	     0.00691231	     0.07278730	     0.07279855	    -0.01544654 %
     1.89000000	     0.00689826	     0.00690584	     0.07558590	     0.07559849	    -0.01665765 %
     1.96000000	     0.00689096	     0.00689912	     0.07838439	     0.07839843	    -0.01791447 %
     2.03000000	     0.00688340	     0.00689216	     0.08118277	     0.08119838	    -0.01921701 %
     2.10000000	     0.00687558	     0.00688495	     0.08398105	     0.08399832	    -0.02056527 %
     2.17000000	     0.00686748	     0.00687750	     0.08677921	     0.08679827	    -0.02195924 %
     2.24000000	     0.00685911	     0.00686981	     0.08957725	     0.08959821	    -0.02339893 %
     2.31000000	     0.00685048	     0.00686187	     0.09237516	     0.09239816	    -0.02488433 %
     2.38000000	     0.00684157	     0.00685369	     0.09517295	     0.09519810	    -0.02641546 %
     2.45000000	     0.00683240	     0.00684526	     0.09797061	     0.09799804	    -0.02799231 %
     2.52000000	     0.00682295	     0.00683659	     0.10076814	     0.10079799	    -0.02961488 %
     2.59000000	     0.00681324	     0.00682768	     0.10356552	     0.10359793	    -0.03128318 %
     2.66000000	     0.00680325	     0.00681852	     0.10636277	     0.10639788	    -0.03299721 %
     2.73000000	     0.00679299	     0.00680911	     0.10915987	     0.10919782	    -0.03475696 %
     2.80000000	     0.00678245	     0.00679947	     0.11195681	     0.11199776	    -0.03656244 %
     2.87000000	     0.00677165	     0.00678957	     0.11475361	     0.11479771	    -0.03841365 %
     2.94000000	     0.00676057	     0.00677944	     0.11755025	     0.11759765	    -0.04031060 %
     3.01000000	     0.00674921	     0.00676906	     0.12034672	     0.12039760	    -0.04225328 %
     3.08000000	     0.00673759	     0.00675843	     0.12314304	     0.12319754	    -0.04424169 %
     3.15000000	     0.00672568	     0.00674757	     0.12593918	     0.12599748	    -0.04627585 %
     3.22000000	     0.00671350	     0.00673645	     0.12873515	     0.12879743	    -0.04835574 %
     3.29000000	     0.00670105	     0.00672510	     0.13153094	     0.13159737	    -0.05048138 %
     3.36000000	     0.00668831	     0.00671350	     0.13432655	     0.13439732	    -0.05265276 %
     3.43000000	     0.00667530	     0.00670165	     0.13712198	     0.13719726	    -0.05486989 %
     3.50000000	     0.00666202	     0.00668957	     0.13991722	     0.13999720	    -0.05713276 %
     3.57000000	     0.00664845	     0.00667723	     0.14271227	     0.14279715	    -0.05944139 %
     3.64000000	     0.00663460	     0.00666466	     0.14550712	     0.14559709	    -0.06179577 %
     3.71000000	     0.00662047	     0.00665184	     0.14830177	     0.14839704	    -0.06419590 %
     3.78000000	     0.00660607	     0.00663877	     0.15109622	     0.15119698	    -0.06664179 %
     3.85000000	     0.00659138	     0.00662546	     0.15389046	     0.15399693	    -0.06913343 %
     3.92000000	     0.00657640	     0.00661191	     0.15668449	     0.15679687	    -0.07167084 %
     3.99000000	     0.00656115	     0.00659811	     0.15947831	     0.15959681	    -0.07425402 %
     4.06000000	     0.00654561	     0.00658407	     0.16227190	     0.16239676	    -0.07688296 %
     4.13000000	     0.00652979	     0.00656979	     0.16506527	     0.16519670	    -0.07955766 %
     4.20000000	     0.00651368	     0.00655526	     0.16785842	     0.16799665	    -0.08227814 %
     4.27000000	     0.00649729	     0.00654049	     0.17065134	     0.17079659	    -0.08504440 %
     4.34000000	     0.00648061	     0.00652547	     0.17344402	     0.17359653	    -0.08785642 %
     4.41000000	     0.00646364	     0.00651021	     0.17623646	     0.17639648	    -0.09071423 %
     4.48000000	     0.00644638	     0.00649471	     0.17902866	     0.17919642	    -0.09361782 %
     4.55000000	     0.00642883	     0.00647896	     0.18182062	     0.18199637	    -0.09656719 %
     4.62000000	     0.00641100	     0.00646297	     0.18461232	     0.18479631	    -0.09956235 %
     4.69000000	     0.00639287	     0.00644673	     0.18740377	     0.18759625	    -0.10260330 %
     4.76000000	     0.00637445	     0.00643025	     0.19019497	     0.19039620	    -0.10569004 %
     4.83000000	     0.00635574	     0.00641353	     0.19298590	     0.19319614	    -0.10882258 %
     4.90000000	     0.00633674	     0.00639656	     0.19577657	     0.19599609	    -0.11200092 %
     4.97000000	     0.00631744	     0.00637935	     0.19856697	     0.19879603	    -0.11522506 %
     5.04000000	     0.00629785	     0.00636189	     0.20135709	     0.20159597	    -0.11849500 %
     5.11000000	     0.00627796	     0.00634419	     0.20414694	     0.20439592	    -0.12181075 %
     5.18000000	     0.00625777	     0.00632625	     0.20693651	     0.20719586	    -0.12517231 %
     5.25000000	     0.00623728	     0.00630806	     0.20972580	     0.20999581	    -0.12857968 %
     5.32000000	     0.00621650	     0.00628963	     0.21251479	     0.21279575	    -0.13203287 %
     5.39000000	     0.00619542	     0.00627096	     0.21530349	     0.21559570	    -0.13553188 %
     5.46000000	     0.00617403	     0.00625204	     0.21809190	     0.21839564	    -0.13907671 %
     5.53000000	     0.00615234	     0.00623287	     0.22088001	     0.22119558	    -0.14266738 %
     5.60000000	     0.00613035	     0.00621347	     0.22366781	     0.22399553	    -0.14630387 %
     5.67000000	     0.00610806	     0.00619382	     0.22645531	     0.22679547	    -0.14998619 %
     5.74000000	     0.00608546	     0.00617393	     0.22924249	     0.22959542	    -0.15371435 %
     5.81000000	     0.00606256	     0.00615379	     0.23202936	     0.23239536	    -0.15748835 %
     5.88000000	     0.00603934	     0.00613341	     0.23481591	     0.23519530	    -0.16130820 %
     5.95000000	     0.00601582	     0.00611278	     0.23760214	     0.23799525	    -0.16517389 %
     6.02000000	     0.00599199	     0.00609191	     0.24038804	     0.24079519	    -0.16908544 %
     6.09000000	     0.00596785	     0.00607080	     0.24317361	     0.24359514	    -0.17304284 %
     6.16000000	     0.00594340	     0.00604945	     0.24595885	     0.24639508	    -0.17704610 %
     6.23000000	     0.00591863	     0.00602785	     0.24874374	     0.24919502	    -0.18109522 %
     6.30000000	     0.00589355	     0.00600600	     0.25152830	     0.25199497	    -0.18519021 %
     6.37000000	     0.00586816	     0.00598392	     0.25431251	     0.25479491	    -0.18933106 %
     6.44000000	     0.00584245	     0.00596159	     0.25709636	     0.25759486	    -0.19351780 %
     6.51000000	     0.00581642	     0.00593901	     0.25987987	     0.26039480	    -0.19775041 %
     6.58000000	     0.00579008	     0.00591620	     0.26266302	     0.26319474	    -0.20202890 %
     6.65000000	     0.00576341	     0.00589313	     0.26544580	     0.26599469	    -0.20635328 %
     6.72000000	     0.00573642	     0.00586983	     0.26822822	     0.26879463	    -0.21072355 %
     6.79000000	     0.00570911	     0.00584628	     0.27101027	     0.27159458	    -0.21513971 %
     6.86000000	     0.00568148	     0.00582249	     0.27379195	     0.27439452	    -0.21960177 %
     6.93000000	     0.00565352	     0.00579845	     0.27657325	     0.27719447	    -0.22410974 %
     7.00000000	     0.00562524	     0.00577417	     0.27935416	     0.27999441	    -0.22866361 %